<?xml version="1.0"?>
<opencv_storage>
<K type_id="opencv-matrix">
  <rows>3</rows>
  <cols>3</cols>
  <dt>d</dt>
  <data>
    3510.5386439396289 0. 1592.0901836062837 0. 3511.0606836572206
    1062.909723163581 0. 0. 1.</data></K>
<distortion type_id="opencv-matrix">
  <rows>1</rows>
  <cols>5</cols>
  <dt>d</dt>
  <data>
    0.0066688902845416101 -0.088015733412363212 -0.00019275101887046838
    -0.0002291765543672029 0.29676973529178319</data></distortion>
</opencv_storage>
